1 0.843262 0.235026 0.026367 0.074219
1 0.318848 0.800781 0.079102 0.072917
1 0.317871 0.26237 0.057617 0.071615
1 0.053711 0.566406 0.025391 0.057292
1 0.350586 0.365885 0.050781 0.049479
1 0.521973 0.302734 0.022461 0.045573
1 0.717773 0.336589 0.011719 0.045573
1 0.285156 0.185547 0.015625 0.042969
1 0.761719 0.214193 0.017578 0.042969
1 0.682129 0.138672 0.018555 0.03776
1 0.639648 0.016927 0.025391 0.033854
1 0.776855 0.280599 0.02832 0.029948
1 0.460938 0.174479 0.046875 0.023438
1 0.78125 0.49349 0.041016 0.023438
1 0.485352 0.25651 0.042969 0.020833
1 0.725098 0.410156 0.038086 0.020833
1 0.102051 0.190104 0.026367 0.020833
1 0.083496 0.152344 0.016602 0.010417
7 0.386719 0.61849 0.310547 0.458333
