1 0.735026 0.161621 0.134115 0.165039
1 0.682292 0.310547 0.247396 0.109375
5 0.530599 0.54541 0.313802 0.106445
1 0.851562 0.45752 0.067708 0.081055
1 0.132812 0.356934 0.210938 0.075195
1 0.921224 0.393555 0.157552 0.074219
5 0.590495 0.635742 0.220052 0.064453
1 0.063151 0.462402 0.126302 0.051758
1 0.951823 0.456055 0.09375 0.050781
1 0.374349 0.388184 0.152344 0.043945
1 0.597656 0.388672 0.140625 0.042969
1 0.729818 0.442871 0.147135 0.041992
1 0.846354 0.465332 0.130208 0.041992
1 0.570964 0.446289 0.139323 0.041016
1 0.209635 0.414551 0.158854 0.040039
1 0.192708 0.393555 0.119792 0.039062
1 0.310547 0.412598 0.115885 0.038086
1 0.015625 0.379883 0.03125 0.037109
1 0.388021 0.229004 0.317708 0.118164
