7 0.298177 0.597168 0.177083 0.073242
1 0.10612 0.09668 0.089844 0.060547
1 0.177083 0.140625 0.083333 0.056641
1 0.275391 0.165039 0.074219 0.054688
1 0.130859 0.046387 0.126302 0.053711
1 0.051432 0.164062 0.102865 0.054688
1 0.029297 0.079102 0.058594 0.052734
7 0.796875 0.512695 0.164062 0.048828
1 0.434896 0.219727 0.09375 0.046875
1 0.235026 0.083984 0.08724 0.046875
5 0.074219 0.228027 0.148438 0.047852
1 0.82487 0.168457 0.10026 0.043945
1 0.326823 0.129883 0.054688 0.042969
1 0.264974 0.116211 0.06901 0.039062
1 0.63737 0.323242 0.089844 0.039062
1 0.510417 0.165527 0.078125 0.038086
1 0.354818 0.182129 0.05599 0.036133
1 0.752604 0.265137 0.083333 0.03418
1 0.727214 0.187988 0.058594 0.03418
1 0.539062 0.243164 0.075521 0.033203
1 0.660156 0.192383 0.065104 0.03125
1 0.431641 0.166504 0.053385 0.030273
1 0.107422 0.014648 0.115885 0.029297
1 0.807943 0.241699 0.058594 0.02832
1 0.860026 0.217285 0.066406 0.02832
1 0.516927 0.210938 0.065104 0.025391
1 0.410807 0.138184 0.061198 0.024414
1 0.639974 0.161621 0.076823 0.022461
1 0.852214 0.283203 0.05599 0.021484
