1 0.832031 0.74349 0.017578 0.054688
1 0.534668 0.420573 0.014648 0.046875
1 0.577637 0.789062 0.030273 0.041667
1 0.833984 0.876302 0.011719 0.041667
1 0.670898 0.291667 0.023438 0.041667
1 0.631348 0.803385 0.018555 0.041667
1 0.60791 0.296875 0.024414 0.041667
1 0.610352 0.852214 0.015625 0.03776
1 0.605469 0.407552 0.019531 0.036458
1 0.573242 0.294922 0.033203 0.035156
1 0.26709 0.333984 0.051758 0.035156
1 0.753906 0.873047 0.03125 0.032552
1 0.522949 0.376953 0.020508 0.032552
1 0.766602 0.815755 0.048828 0.032552
1 0.356445 0.322266 0.015625 0.029948
1 0.567871 0.358724 0.016602 0.029948
1 0.878418 0.597005 0.032227 0.029948
1 0.464355 0.228516 0.024414 0.029948
1 0.867188 0.741536 0.041016 0.027344
1 0.844238 0.908203 0.016602 0.02474
5 0.541504 0.138672 0.06543 0.02474
1 0.767578 0.798828 0.021484 0.022135
1 0.815918 0.507812 0.022461 0.020833
1 0.031738 0.365885 0.018555 0.020833
1 0.067383 0.38737 0.015625 0.019531
1 0.493652 0.42513 0.030273 0.019531
1 0.560547 0.444661 0.007812 0.019531
1 0.033691 0.457031 0.036133 0.018229
1 0.764648 0.513021 0.017578 0.018229
1 0.814453 0.901042 0.025391 0.018229
1 0.461426 0.467448 0.02832 0.018229
1 0.52002 0.408854 0.020508 0.018229
1 0.669434 0.5 0.018555 0.018229
1 0.849609 0.518229 0.023438 0.018229
1 0.546387 0.508464 0.020508 0.016927
1 0.032715 0.478516 0.03418 0.016927
1 0.67334 0.404297 0.012695 0.016927
1 0.362793 0.225911 0.040039 0.016927
1 0.464844 0.441406 0.015625 0.015625
1 0.3125 0.195964 0.013672 0.014323
1 0.400391 0.197266 0.011719 0.014323
1 0.699707 0.518229 0.014648 0.013021
1 0.30957 0.338542 0.017578 0.013021
1 0.425781 0.276042 0.015625 0.010417
1 0.34082 0.242839 0.009766 0.009115
