1 0.390625 0.85026 0.074219 0.088542
1 0.353027 0.786458 0.05957 0.091146
1 0.333496 0.754557 0.053711 0.095052
1 0.289551 0.716146 0.030273 0.078125
1 0.461426 0.740885 0.067383 0.098958
1 0.490234 0.667969 0.058594 0.085938
1 0.416016 0.680339 0.068359 0.089844
1 0.387695 0.720052 0.044922 0.049479
1 0.489258 0.541016 0.072266 0.10026
1 0.557129 0.391276 0.088867 0.134115
1 0.509277 0.425781 0.057617 0.0625
1 0.393066 0.466797 0.067383 0.058594
1 0.432617 0.376953 0.052734 0.076823
1 0.402832 0.334635 0.06543 0.080729
1 0.538086 0.190104 0.060547 0.098958
1 0.483887 0.091797 0.079102 0.173177
1 0.440918 0.779948 0.057617 0.023438
1 0.486816 0.348958 0.067383 0.049479
1 0.505371 0.139323 0.043945 0.072917
