2 0.306424 0.583984 0.248264 0.146484
2 0.665799 0.623535 0.241319 0.120117
2 0.744792 0.452637 0.204861 0.129883
2 0.618056 0.557617 0.1875 0.083984
2 0.271701 0.766113 0.147569 0.110352
2 0.138889 0.912109 0.222222 0.128906
2 0.598958 0.816406 0.201389 0.117188
2 0.710069 0.789062 0.253472 0.126953
2 0.815972 0.725098 0.204861 0.098633
2 0.852431 0.871582 0.270833 0.069336
2 0.707465 0.94043 0.199653 0.111328
2 0.907118 0.322754 0.182292 0.12207
2 0.658854 0.166504 0.321181 0.114258
2 0.228299 0.071777 0.293403 0.137695
2 0.373264 0.172852 0.194444 0.128906
2 0.123264 0.295898 0.222222 0.134766
2 0.094618 0.149414 0.178819 0.089844
2 0.592014 0.044434 0.243056 0.083008
2 0.550347 0.36084 0.135417 0.213867
2 0.396701 0.40625 0.133681 0.103516
2 0.918403 0.100586 0.159722 0.189453
2 0.083333 0.654297 0.166667 0.089844
2 0.201389 0.634766 0.225694 0.119141
2 0.462674 0.646484 0.227431 0.105469
2 0.896701 0.589844 0.154514 0.103516
2 0.628472 0.230957 0.229167 0.05957
2 0.622396 0.33252 0.078125 0.040039
2 0.675347 0.288086 0.184028 0.083984
2 0.984375 0.599121 0.027778 0.067383
2 0.869792 0.94043 0.152778 0.041016
2 0.364583 0.748047 0.121528 0.046875
2 0.068576 0.609375 0.137153 0.060547
