1 0.522135 0.194824 0.953125 0.387695
1 0.134766 0.239258 0.269531 0.228516
1 0.182292 0.477051 0.364583 0.223633
5 0.692057 0.505371 0.615885 0.204102
1 0.269531 0.741699 0.364583 0.12793
1 0.358073 0.587402 0.291667 0.098633
1 0.929036 0.503418 0.141927 0.081055
1 0.809896 0.845703 0.195312 0.078125
1 0.810547 0.582031 0.079427 0.066406
5 0.614583 0.826172 0.098958 0.064453
1 0.826823 0.641113 0.101562 0.063477
1 0.645833 0.644043 0.130208 0.055664
1 0.201823 0.636719 0.088542 0.048828
1 0.037109 0.948242 0.074219 0.044922
1 0.527995 0.653809 0.084635 0.041992
1 0.322266 0.649414 0.06901 0.041016
1 0.590495 0.695312 0.03776 0.041016
1 0.44401 0.67334 0.070312 0.040039
1 0.608724 0.658691 0.102865 0.036133
1 0.036458 0.712891 0.065104 0.029297
1 0.433594 0.65332 0.080729 0.023438
