1 0.896484 0.131348 0.147135 0.19043
5 0.472656 0.589844 0.434896 0.152344
5 0.316406 0.94043 0.377604 0.117188
1 0.182943 0.358887 0.175781 0.102539
1 0.356771 0.421875 0.164062 0.076172
1 0.947266 0.358398 0.102865 0.076172
1 0.085938 0.380371 0.171875 0.067383
1 0.766276 0.462891 0.196615 0.064453
1 0.941406 0.460938 0.114583 0.060547
1 0.057292 0.476562 0.114583 0.058594
1 0.1875 0.425293 0.179688 0.055664
1 0.604818 0.454102 0.139323 0.046875
1 0.595052 0.414062 0.143229 0.046875
1 0.707682 0.391113 0.134115 0.038086
