5 0.412109 0.528809 0.259115 0.137695
1 0.921875 0.325684 0.153646 0.125977
5 0.264974 0.9375 0.251302 0.123047
7 0.688802 0.430664 0.059896 0.085938
1 0.73112 0.508301 0.063802 0.083008
1 0.536458 0.875488 0.190104 0.077148
1 0.946615 0.426758 0.104167 0.074219
1 0.972005 0.383789 0.05599 0.072266
1 0.901042 0.54248 0.088542 0.06543
1 0.6875 0.503906 0.041667 0.064453
1 0.622396 0.557129 0.036458 0.063477
5 0.544271 0.798828 0.119792 0.060547
1 0.811849 0.555176 0.089844 0.05957
1 0.600911 0.495117 0.058594 0.058594
5 0.783203 0.717285 0.204427 0.051758
1 0.921224 0.598633 0.10026 0.041016
1 0.968099 0.651855 0.063802 0.038086
1 0.869792 0.5625 0.098958 0.037109
