7 0.477051 0.159505 0.09082 0.201823
1 0.960938 0.338542 0.076172 0.114583
1 0.722656 0.327474 0.021484 0.084635
1 0.30957 0.334635 0.021484 0.078125
1 0.574219 0.203125 0.019531 0.065104
1 0.258789 0.785807 0.029297 0.050781
1 0.95166 0.445312 0.012695 0.049479
1 0.593262 0.885417 0.018555 0.039062
1 0.213867 0.858724 0.029297 0.03776
1 0.79248 0.89388 0.014648 0.035156
1 0.76123 0.532552 0.032227 0.033854
1 0.95459 0.888021 0.018555 0.033854
1 0.885742 0.944661 0.017578 0.032552
1 0.562988 0.397786 0.010742 0.032552
1 0.828613 0.867188 0.014648 0.03125
1 0.408203 0.307943 0.005859 0.02474
1 0.507812 0.326823 0.013672 0.023438
1 0.626953 0.808594 0.011719 0.018229
1 0.553711 0.344401 0.009766 0.016927
1 0.611328 0.879557 0.015625 0.016927
1 0.42627 0.386068 0.008789 0.009115
7 0.303711 0.480469 0.066406 0.208333
