1 0.065104 0.628906 0.130208 0.117188
1 0.383681 0.67627 0.270833 0.112305
1 0.594618 0.450195 0.234375 0.103516
5 0.68316 0.297852 0.630208 0.101562
1 0.19184 0.600098 0.168403 0.098633
1 0.361979 0.40332 0.157986 0.097656
1 0.395833 0.523438 0.152778 0.097656
1 0.907118 0.493164 0.182292 0.095703
1 0.706597 0.71582 0.177083 0.091797
1 0.872396 0.724609 0.164931 0.091797
1 0.608507 0.550293 0.119792 0.09082
1 0.348958 0.577637 0.142361 0.088867
1 0.596354 0.35791 0.171875 0.083008
1 0.792535 0.45752 0.140625 0.075195
1 0.211806 0.517578 0.138889 0.074219
1 0.760417 0.575684 0.159722 0.073242
1 0.544271 0.628418 0.137153 0.071289
1 0.899306 0.571777 0.166667 0.06543
1 0.888021 0.638672 0.133681 0.058594
1 0.921007 0.21875 0.088542 0.035156
1 0.324653 0.300293 0.069444 0.022461
1 0.982639 0.169434 0.03125 0.020508
1 0.204861 0.242676 0.055556 0.020508
1 0.855035 0.146484 0.022569 0.019531
1 0.633681 0.205078 0.048611 0.019531
1 0.813368 0.221191 0.053819 0.016602
1 0.25434 0.064453 0.036458 0.013672
1 0.59809 0.103516 0.036458 0.011719
