1 0.938965 0.656901 0.118164 0.147135
1 0.95752 0.494141 0.083008 0.165365
1 0.807617 0.328125 0.052734 0.127604
1 0.681152 0.48112 0.116211 0.108073
1 0.743652 0.548828 0.172852 0.123698
1 0.481445 0.458333 0.123047 0.130208
1 0.547852 0.224609 0.117188 0.134115
1 0.580078 0.19401 0.060547 0.054688
1 0.319824 0.152995 0.112305 0.058594
1 0.317383 0.511719 0.113281 0.143229
1 0.092285 0.384766 0.073242 0.089844
1 0.117188 0.274089 0.064453 0.095052
1 0.085938 0.20638 0.056641 0.071615
1 0.729004 0.152995 0.09082 0.048177
1 0.068848 0.03125 0.063477 0.039062
