5 0.473958 0.558594 0.513021 0.167969
1 0.766927 0.682617 0.117188 0.072266
1 0.652344 0.643066 0.213542 0.071289
1 0.542318 0.318359 0.165365 0.0625
1 0.423177 0.399414 0.148438 0.058594
1 0.742188 0.583008 0.135417 0.058594
1 0.21224 0.391113 0.179688 0.057617
1 0.763021 0.64502 0.101562 0.057617
1 0.766276 0.317871 0.160156 0.055664
5 0.78125 0.405762 0.197917 0.055664
1 0.531901 0.416016 0.128906 0.054688
1 0.547526 0.197266 0.157552 0.048828
1 0.604818 0.430176 0.10026 0.047852
1 0.385417 0.338867 0.138021 0.046875
1 0.757161 0.166992 0.115885 0.046875
1 0.068359 0.814453 0.108073 0.078125
