2 0.556424 0.875977 0.189236 0.113281
2 0.591146 0.346191 0.144097 0.084961
2 0.705729 0.945312 0.140625 0.070312
2 0.841146 0.329102 0.109375 0.068359
2 0.083333 0.496094 0.09375 0.056641
2 0.62934 0.25293 0.102431 0.050781
2 0.699653 0.467285 0.097222 0.047852
2 0.356771 0.819336 0.078125 0.046875
2 0.023438 0.658691 0.046875 0.045898
2 0.440104 0.633789 0.064236 0.041016
2 0.473958 0.073242 0.086806 0.039062
2 0.041667 0.566406 0.072917 0.03125
2 0.411458 0.199219 0.059028 0.03125
2 0.040799 0.601562 0.064236 0.027344
2 0.168403 0.818848 0.041667 0.018555
2 0.103299 0.671875 0.046875 0.017578
2 0.596354 0.416992 0.057292 0.017578
2 0.492188 0.725098 0.032986 0.016602
