5 0.901042 0.416016 0.195312 0.085938
1 0.085286 0.340332 0.170573 0.083008
5 0.845703 0.597656 0.259115 0.076172
1 0.178385 0.883301 0.078125 0.073242
5 0.159505 0.609863 0.186198 0.071289
1 0.284505 0.390137 0.170573 0.051758
1 0.35026 0.370117 0.179688 0.050781
1 0.488932 0.490723 0.108073 0.045898
1 0.33724 0.549805 0.177083 0.044922
1 0.0625 0.461914 0.125 0.044922
1 0.422526 0.423828 0.14974 0.042969
1 0.395182 0.482422 0.134115 0.042969
1 0.244792 0.433105 0.127604 0.036133
1 0.174479 0.453613 0.109375 0.036133
1 0.485026 0.443359 0.079427 0.035156
1 0.015625 0.413086 0.03125 0.03125
5 0.686849 0.690918 0.285156 0.108398
