2 0.302734 0.6875 0.126953 0.216146
2 0.321289 0.123047 0.070312 0.199219
2 0.23291 0.780599 0.133789 0.186198
2 0.651855 0.755859 0.079102 0.18099
2 0.217285 0.454427 0.125977 0.177083
2 0.709473 0.857422 0.088867 0.175781
2 0.804199 0.50651 0.098633 0.174479
2 0.140137 0.524089 0.106445 0.16276
2 0.358887 0.719401 0.09668 0.160156
2 0.977539 0.664062 0.042969 0.161458
2 0.277832 0.163411 0.061523 0.154948
2 0.519043 0.143229 0.045898 0.153646
2 0.601562 0.416016 0.126953 0.152344
2 0.574219 0.828125 0.070312 0.151042
2 0.565918 0.220703 0.047852 0.14974
2 0.624512 0.508464 0.100586 0.14974
2 0.426758 0.26888 0.113281 0.147135
2 0.422363 0.199219 0.063477 0.143229
2 0.70752 0.499349 0.094727 0.139323
2 0.779297 0.395182 0.070312 0.139323
2 0.845703 0.360677 0.064453 0.138021
2 0.864746 0.670573 0.075195 0.138021
2 0.138184 0.740234 0.102539 0.136719
2 0.496582 0.651693 0.104492 0.136719
2 0.327148 0.891276 0.083984 0.136719
2 0.082031 0.068359 0.146484 0.134115
2 0.398438 0.611328 0.083984 0.13151
2 0.354492 0.421224 0.148438 0.123698
2 0.741211 0.119792 0.091797 0.122396
2 0.779785 0.267578 0.09668 0.121094
2 0.696777 0.692057 0.047852 0.11849
2 0.502441 0.483073 0.077148 0.114583
2 0.621094 0.28125 0.052734 0.114583
2 0.586426 0.055339 0.061523 0.108073
2 0.498535 0.054036 0.053711 0.105469
2 0.687988 0.416016 0.069336 0.105469
2 0.341797 0.946615 0.115234 0.104167
2 0.259277 0.535156 0.073242 0.104167
2 0.894531 0.393229 0.044922 0.104167
2 0.855957 0.794271 0.088867 0.101562
2 0.750977 0.354167 0.041016 0.096354
2 0.424316 0.494141 0.057617 0.089844
2 0.89502 0.323568 0.057617 0.089844
2 0.342285 0.501302 0.081055 0.085938
2 0.770508 0.044271 0.085938 0.085938
2 0.226562 0.186849 0.074219 0.084635
2 0.244629 0.361979 0.05957 0.080729
2 0.347168 0.339193 0.079102 0.079427
2 0.66748 0.620443 0.053711 0.074219
2 0.631348 0.736328 0.092773 0.071615
2 0.561035 0.938151 0.047852 0.071615
2 0.513672 0.389323 0.089844 0.070312
2 0.363281 0.826823 0.101562 0.067708
2 0.671875 0.347005 0.041016 0.063802
2 0.929199 0.660156 0.061523 0.059896
2 0.212891 0.547526 0.029297 0.053385
