1 0.817708 0.478027 0.291667 0.135742
1 0.190104 0.449707 0.272569 0.135742
1 0.625868 0.535156 0.164931 0.130859
5 0.555556 0.098633 0.756944 0.121094
1 0.259549 0.583008 0.307292 0.117188
1 0.15191 0.293945 0.161458 0.111328
1 0.243924 0.388672 0.276042 0.099609
1 0.493056 0.273926 0.229167 0.09082
1 0.5625 0.365234 0.25 0.085938
1 0.485243 0.438965 0.199653 0.084961
1 0.75434 0.343262 0.244792 0.083008
1 0.836806 0.242676 0.149306 0.057617
1 0.051215 0.197266 0.060764 0.054688
1 0.263889 0.200684 0.097222 0.049805
1 0.844618 0.115234 0.064236 0.039062
1 0.914931 0.050293 0.045139 0.03418
1 0.757812 0.056641 0.057292 0.025391
1 0.326389 0.074707 0.065972 0.020508
1 0.680556 0.083496 0.055556 0.016602
