1 0.178385 0.84082 0.148438 0.095703
5 0.321615 0.415039 0.164062 0.072266
1 0.373698 0.067871 0.104167 0.067383
1 0.047526 0.171387 0.089844 0.06543
5 0.403646 0.569336 0.195312 0.058594
5 0.761068 0.460938 0.230469 0.058594
1 0.448568 0.067871 0.136719 0.057617
1 0.42513 0.472656 0.154948 0.056641
1 0.078125 0.57959 0.15625 0.053711
1 0.451823 0.214844 0.114583 0.042969
1 0.04362 0.40625 0.08724 0.042969
1 0.375651 0.188477 0.102865 0.035156
1 0.458984 0.02002 0.134115 0.03418
1 0.98112 0.303223 0.03776 0.071289
