1 0.201172 0.88916 0.230469 0.208008
1 0.479818 0.867676 0.233073 0.19043
1 0.695964 0.668945 0.420573 0.185547
1 0.623047 0.115234 0.313802 0.167969
1 0.505208 0.848633 0.247396 0.166016
1 0.913411 0.550293 0.173177 0.143555
1 0.270833 0.515625 0.213542 0.128906
1 0.855469 0.308594 0.286458 0.126953
1 0.450521 0.691406 0.109375 0.117188
1 0.34375 0.386719 0.192708 0.111328
1 0.205078 0.380859 0.191406 0.107422
1 0.05599 0.758301 0.111979 0.102539
1 0.403646 0.358887 0.260417 0.100586
1 0.91862 0.188477 0.16276 0.101562
1 0.80599 0.361328 0.296875 0.097656
1 0.133464 0.735352 0.121094 0.095703
1 0.557292 0.770996 0.398438 0.094727
1 0.75651 0.953125 0.221354 0.091797
1 0.522786 0.259277 0.220052 0.09082
1 0.266927 0.651367 0.179688 0.089844
1 0.965495 0.812988 0.06901 0.088867
1 0.045573 0.15332 0.091146 0.085938
1 0.517578 0.541016 0.238281 0.078125
1 0.366536 0.302246 0.233073 0.075195
1 0.81901 0.037109 0.359375 0.072266
1 0.121094 0.553711 0.161458 0.066406
1 0.015625 0.838379 0.03125 0.063477
1 0.08138 0.262695 0.050781 0.0625
1 0.045573 0.422363 0.091146 0.061523
1 0.113281 0.504883 0.151042 0.060547
1 0.144531 0.351074 0.130208 0.057617
1 0.504557 0.038574 0.220052 0.053711
1 0.051432 0.578125 0.10026 0.048828
1 0.021484 0.019043 0.042969 0.038086
1 0.264974 0.015625 0.079427 0.03125
1 0.22526 0.153809 0.236979 0.084961
