1 0.414714 0.108887 0.261719 0.135742
1 0.257812 0.153809 0.166667 0.131836
1 0.19987 0.228027 0.160156 0.12207
1 0.843099 0.347656 0.313802 0.103516
1 0.142578 0.045898 0.14974 0.091797
5 0.492188 0.522461 0.184896 0.087891
1 0.104818 0.216309 0.139323 0.079102
1 0.348958 0.283691 0.140625 0.075195
5 0.715495 0.501465 0.246094 0.071289
1 0.196615 0.221191 0.153646 0.061523
1 0.591797 0.367188 0.22526 0.058594
1 0.020182 0.235352 0.040365 0.058594
1 0.822917 0.240234 0.179688 0.054688
1 0.542318 0.269043 0.173177 0.051758
1 0.602865 0.289551 0.166667 0.049805
1 0.89388 0.303711 0.21224 0.042969
1 0.374349 0.299316 0.204427 0.041992
1 0.872396 0.256836 0.148438 0.037109
5 0.891927 0.545898 0.210938 0.070312
