7 0.445312 0.702637 0.197917 0.09082
1 0.338542 0.097168 0.072917 0.077148
5 0.377604 0.223633 0.169271 0.054688
1 0.283854 0.210449 0.059896 0.053711
5 0.774089 0.311523 0.058594 0.044922
1 0.047526 0.108887 0.095052 0.043945
5 0.246745 0.151367 0.173177 0.041016
1 0.013021 0.130859 0.026042 0.041016
1 0.098307 0.144043 0.10026 0.040039
5 0.703125 0.341309 0.072917 0.040039
5 0.557943 0.344727 0.05599 0.039062
7 0.816406 0.52002 0.114583 0.038086
5 0.508464 0.478516 0.191406 0.035156
1 0.147135 0.200195 0.091146 0.035156
1 0.643229 0.189453 0.098958 0.03125
1 0.507812 0.210938 0.085938 0.029297
1 0.335286 0.211914 0.066406 0.027344
1 0.246745 0.185059 0.08724 0.026367
1 0.565104 0.262207 0.078125 0.026367
5 0.338542 0.427734 0.101562 0.025391
1 0.688151 0.244141 0.084635 0.025391
1 0.727865 0.195801 0.085938 0.024414
1 0.776042 0.216309 0.096354 0.024414
1 0.521484 0.241699 0.079427 0.024414
1 0.373698 0.187988 0.067708 0.022461
1 0.598307 0.237305 0.058594 0.021484
1 0.83724 0.208984 0.070312 0.021484
1 0.609375 0.228516 0.059896 0.021484
1 0.770833 0.23584 0.080729 0.020508
1 0.639323 0.214355 0.067708 0.020508
1 0.874349 0.348145 0.032552 0.016602
1 0.836589 0.342773 0.011719 0.011719
1 0.914062 0.348145 0.010417 0.010742
