1 0.574219 0.387695 0.848958 0.578125
1 0.445964 0.47998 0.66276 0.389648
1 0.608724 0.737793 0.160156 0.174805
1 0.86263 0.375977 0.27474 0.144531
1 0.044922 0.657715 0.074219 0.114258
5 0.508464 0.816895 0.128906 0.09668
1 0.101562 0.773438 0.054688 0.095703
1 0.422526 0.661133 0.050781 0.09375
1 0.971354 0.317383 0.054688 0.089844
1 0.421224 0.703613 0.095052 0.079102
1 0.182292 0.773438 0.091146 0.060547
1 0.188802 0.728027 0.085938 0.05957
1 0.647786 0.641113 0.126302 0.047852
1 0.01237 0.759766 0.02474 0.044922
1 0.79362 0.191895 0.41276 0.219727
