1 0.380208 0.199219 0.466146 0.347656
1 0.58724 0.575195 0.226562 0.234375
1 0.836589 0.748535 0.238281 0.192383
1 0.702474 0.393066 0.13151 0.19043
1 0.093099 0.660645 0.045573 0.073242
1 0.39388 0.631836 0.05599 0.064453
1 0.27474 0.617188 0.070312 0.0625
1 0.031901 0.734863 0.063802 0.053711
1 0.470703 0.663574 0.06901 0.051758
1 0.304688 0.679688 0.088542 0.050781
1 0.166016 0.669922 0.084635 0.037109
1 0.323568 0.61084 0.05599 0.036133
1 0.093099 0.680176 0.10026 0.036133
1 0.042318 0.73584 0.084635 0.036133
