5 0.250651 0.055176 0.308594 0.106445
5 0.060547 0.144043 0.11849 0.106445
5 0.238932 0.394531 0.170573 0.080078
5 0.541016 0.262207 0.123698 0.075195
5 0.829427 0.359375 0.252604 0.068359
1 0.224609 0.083984 0.126302 0.050781
1 0.582031 0.106934 0.096354 0.047852
1 0.875 0.117188 0.078125 0.042969
1 0.411458 0.20166 0.117188 0.040039
1 0.724609 0.15918 0.089844 0.039062
1 0.958333 0.246094 0.080729 0.039062
1 0.28125 0.143555 0.138021 0.037109
1 0.434896 0.185059 0.114583 0.036133
1 0.684245 0.186523 0.10026 0.035156
1 0.657552 0.155273 0.119792 0.035156
1 0.854167 0.179688 0.091146 0.035156
1 0.261719 0.151367 0.119792 0.035156
1 0.770833 0.17041 0.065104 0.03418
1 0.658854 0.14209 0.088542 0.032227
7 0.542969 0.497559 0.09375 0.032227
1 0.936198 0.152832 0.083333 0.032227
1 0.712891 0.445312 0.08724 0.03125
1 0.59375 0.135742 0.080729 0.03125
1 0.817057 0.13916 0.08724 0.030273
1 0.803385 0.437988 0.072917 0.024414
