2 0.730035 0.240234 0.217014 0.123047
2 0.655382 0.360352 0.196181 0.091797
2 0.797743 0.606934 0.123264 0.077148
2 0.960938 0.75 0.074653 0.070312
2 0.450521 0.70166 0.126736 0.06543
2 0.804688 0.969238 0.182292 0.05957
2 0.127604 0.776367 0.060764 0.056641
2 0.351562 0.468262 0.119792 0.055664
2 0.494792 0.373047 0.09375 0.048828
2 0.546007 0.717285 0.078125 0.043945
2 0.227431 0.020508 0.197917 0.041016
2 0.118056 0.496582 0.072917 0.040039
2 0.884549 0.835938 0.074653 0.039062
2 0.033854 0.400879 0.043403 0.03418
2 0.982639 0.644531 0.03125 0.03125
2 0.703993 0.464355 0.088542 0.030273
2 0.797743 0.367188 0.050347 0.029297
2 0.810764 0.771484 0.055556 0.027344
2 0.273438 0.618164 0.071181 0.023438
2 0.317708 0.942871 0.100694 0.05957
