3 0.016276 0.480469 0.032552 0.087891
3 0.710938 0.523438 0.059896 0.076172
3 0.591797 0.531738 0.066406 0.069336
3 0.788411 0.528809 0.058594 0.069336
3 0.470052 0.524902 0.057292 0.061523
3 0.195312 0.689453 0.166667 0.058594
3 0.292318 0.501465 0.048177 0.055664
3 0.154297 0.503906 0.045573 0.054688
3 0.248698 0.509766 0.054688 0.054688
3 0.88151 0.499023 0.049479 0.054688
3 0.417969 0.527832 0.0625 0.053711
3 0.471354 0.675293 0.221354 0.041992
3 0.945964 0.47998 0.048177 0.040039
3 0.109375 0.504395 0.039062 0.038086
3 0.216797 0.512695 0.042969 0.035156
3 0.185547 0.510254 0.022135 0.02832
3 0.05599 0.510254 0.03125 0.026367
3 0.329427 0.521973 0.059896 0.020508
3 0.953776 0.42627 0.032552 0.036133
