1 0.134115 0.210938 0.098958 0.080078
5 0.060547 0.359375 0.121094 0.070312
7 0.652995 0.511719 0.18099 0.0625
5 0.275391 0.08252 0.089844 0.061523
5 0.052083 0.075684 0.101562 0.061523
1 0.226562 0.03125 0.138021 0.052734
1 0.509115 0.074707 0.046875 0.049805
1 0.192057 0.404297 0.061198 0.048828
7 0.259766 0.483398 0.144531 0.046875
1 0.389323 0.085449 0.091146 0.043945
1 0.227214 0.026855 0.097656 0.040039
1 0.540365 0.174316 0.078125 0.040039
1 0.404297 0.192383 0.05599 0.039062
1 0.608073 0.18457 0.065104 0.039062
1 0.479818 0.114746 0.06901 0.038086
1 0.390625 0.115723 0.072917 0.036133
1 0.424479 0.040527 0.098958 0.03418
1 0.813151 0.09668 0.108073 0.033203
1 0.660807 0.081543 0.097656 0.032227
1 0.908854 0.098145 0.057292 0.032227
1 0.655599 0.144043 0.092448 0.032227
1 0.492839 0.039062 0.06901 0.03125
1 0.58138 0.101562 0.08724 0.03125
1 0.830729 0.186035 0.104167 0.030273
1 0.171875 0.439941 0.039062 0.030273
1 0.890625 0.133789 0.065104 0.029297
1 0.733073 0.137695 0.070312 0.029297
1 0.770833 0.169434 0.104167 0.02832
1 0.545573 0.344727 0.065104 0.027344
1 0.666016 0.102539 0.097656 0.023438
