3 0.34375 0.348145 0.096354 0.106445
3 0.529297 0.511719 0.175781 0.078125
3 0.898438 0.26709 0.059896 0.055664
3 0.674479 0.273438 0.054688 0.052734
3 0.519531 0.276367 0.065104 0.052734
3 0.917318 0.242676 0.029948 0.045898
3 0.717448 0.271484 0.039062 0.044922
3 0.99349 0.27002 0.010417 0.041992
3 0.935547 0.278809 0.045573 0.040039
3 0.847656 0.274902 0.036458 0.036133
3 0.632812 0.266602 0.020833 0.027344
3 0.769531 0.283203 0.117188 0.025391
3 0.613932 0.277344 0.048177 0.017578
3 0.951823 0.282227 0.044271 0.017578
3 0.889323 0.24707 0.03125 0.015625
