5 0.542969 0.131348 0.291667 0.114258
5 0.087891 0.09668 0.157552 0.083984
7 0.717448 0.456055 0.21875 0.080078
1 0.728516 0.036621 0.292969 0.073242
7 0.354167 0.598145 0.161458 0.05957
1 0.742839 0.342285 0.144531 0.049805
1 0.188802 0.022949 0.109375 0.045898
1 0.313802 0.029297 0.080729 0.044922
1 0.476562 0.432129 0.200521 0.043945
1 0.149089 0.316895 0.14974 0.041992
1 0.478516 0.044922 0.076823 0.039062
1 0.396484 0.081055 0.08724 0.039062
1 0.791016 0.106445 0.110677 0.037109
1 0.960938 0.228027 0.052083 0.036133
5 0.794271 0.17041 0.072917 0.03418
1 0.889323 0.107422 0.091146 0.033203
1 0.964844 0.10498 0.067708 0.032227
1 0.568359 0.20166 0.035156 0.032227
1 0.927083 0.135742 0.101562 0.03125
1 0.559896 0.053711 0.049479 0.03125
5 0.339844 0.355957 0.143229 0.02832
1 0.842448 0.140625 0.080729 0.027344
1 0.729818 0.146484 0.066406 0.027344
1 0.06901 0.013184 0.088542 0.026367
7 0.177734 0.415039 0.115885 0.025391
7 0.563802 0.35791 0.078125 0.020508
1 0.891927 0.226562 0.049479 0.019531
1 0.988932 0.235352 0.022135 0.019531
