1 0.416667 0.668945 0.190104 0.292969
1 0.850911 0.580078 0.175781 0.269531
1 0.229167 0.550781 0.104167 0.248047
1 0.527344 0.300293 0.135417 0.208008
1 0.504557 0.402832 0.074219 0.149414
1 0.41276 0.504395 0.106771 0.088867
1 0.694661 0.708496 0.160156 0.084961
1 0.578125 0.794434 0.231771 0.081055
1 0.174479 0.818359 0.054688 0.078125
1 0.241536 0.823242 0.06901 0.074219
1 0.39388 0.886719 0.147135 0.072266
1 0.245443 0.755371 0.071615 0.069336
1 0.242188 0.964844 0.091146 0.068359
1 0.060547 0.894043 0.121094 0.067383
1 0.097005 0.950195 0.053385 0.060547
1 0.153646 0.890137 0.091146 0.053711
