5 0.09375 0.428223 0.151042 0.120117
1 0.604167 0.04834 0.067708 0.09668
1 0.064453 0.068848 0.128906 0.09082
5 0.074219 0.148438 0.148438 0.068359
5 0.11849 0.254395 0.164062 0.06543
1 0.080078 0.027832 0.160156 0.055664
1 0.221354 0.17627 0.083333 0.049805
1 0.445964 0.609375 0.16276 0.044922
5 0.9375 0.467773 0.122396 0.044922
1 0.519531 0.308105 0.091146 0.040039
1 0.647786 0.239258 0.058594 0.039062
1 0.337891 0.212891 0.095052 0.037109
1 0.322917 0.254883 0.080729 0.033203
1 0.744792 0.265625 0.0625 0.033203
1 0.573568 0.286133 0.095052 0.033203
1 0.873698 0.237793 0.072917 0.032227
1 0.913411 0.296875 0.063802 0.03125
1 0.423828 0.253906 0.092448 0.03125
7 0.616536 0.572266 0.079427 0.03125
1 0.733073 0.262207 0.0625 0.030273
1 0.778646 0.271973 0.057292 0.02832
1 0.65625 0.538086 0.091146 0.027344
1 0.749349 0.302734 0.066406 0.027344
1 0.565104 0.532227 0.0625 0.025391
1 0.96875 0.26709 0.059896 0.024414
1 0.852865 0.286133 0.054688 0.023438
1 0.867188 0.263672 0.065104 0.021484
1 0.732422 0.040527 0.147135 0.081055
