5 0.833333 0.404297 0.309896 0.082031
1 0.34375 0.875977 0.117188 0.082031
1 0.059896 0.321289 0.119792 0.078125
5 0.483724 0.603027 0.240885 0.067383
1 0.326823 0.349609 0.179688 0.066406
5 0.81901 0.570312 0.216146 0.0625
5 0.952474 0.713867 0.095052 0.052734
1 0.416016 0.401855 0.152344 0.049805
1 0.066406 0.462891 0.132812 0.048828
1 0.25 0.387207 0.179688 0.047852
1 0.046224 0.421875 0.089844 0.044922
1 0.386719 0.544922 0.182292 0.044922
1 0.388021 0.471191 0.145833 0.043945
1 0.463542 0.432617 0.135417 0.042969
1 0.349609 0.422363 0.126302 0.040039
1 0.189453 0.422852 0.139323 0.037109
1 0.504557 0.459961 0.126302 0.037109
1 0.146484 0.447754 0.08724 0.032227
