2 0.591146 0.45459 0.158854 0.120117
2 0.051432 0.330078 0.102865 0.115234
2 0.922526 0.511719 0.154948 0.113281
2 0.370443 0.645996 0.191406 0.112305
2 0.942708 0.394531 0.111979 0.111328
2 0.56901 0.589844 0.195312 0.109375
2 0.729167 0.741699 0.210938 0.102539
2 0.167318 0.770508 0.139323 0.089844
2 0.865234 0.895508 0.167969 0.085938
2 0.438802 0.749512 0.122396 0.083008
2 0.58724 0.79248 0.153646 0.075195
2 0.867839 0.355957 0.13151 0.071289
2 0.10026 0.235352 0.161458 0.070312
2 0.378906 0.974121 0.119792 0.051758
2 0.329427 0.015625 0.130208 0.03125
