1 0.600911 0.259277 0.438802 0.22168
5 0.30013 0.077637 0.60026 0.155273
1 0.447266 0.367188 0.089844 0.085938
1 0.251302 0.838379 0.179688 0.069336
5 0.560547 0.699219 0.170573 0.0625
5 0.472005 0.650391 0.128906 0.060547
1 0.320312 0.428711 0.132812 0.052734
1 0.317708 0.468262 0.0625 0.051758
1 0.34375 0.385742 0.109375 0.048828
1 0.407552 0.479004 0.091146 0.047852
1 0.039062 0.445801 0.078125 0.043945
1 0.035156 0.543457 0.070312 0.043945
1 0.049479 0.621582 0.098958 0.043945
1 0.227214 0.418945 0.10026 0.042969
1 0.116536 0.449707 0.115885 0.041992
1 0.169922 0.516113 0.095052 0.041992
1 0.211589 0.455078 0.089844 0.039062
1 0.468099 0.431641 0.110677 0.035156
1 0.320964 0.496094 0.074219 0.033203
