1 0.274089 0.509766 0.339844 0.146484
1 0.875 0.641113 0.247396 0.125977
1 0.65625 0.310547 0.203125 0.109375
1 0.164062 0.330078 0.328125 0.109375
1 0.539714 0.443848 0.285156 0.104492
1 0.453776 0.212891 0.355469 0.099609
1 0.514974 0.289551 0.259115 0.098633
1 0.244141 0.794922 0.264323 0.097656
1 0.701823 0.092285 0.348958 0.09668
1 0.434245 0.778809 0.321615 0.092773
1 0.869141 0.167969 0.261719 0.091797
1 0.855469 0.839844 0.286458 0.087891
1 0.850911 0.493652 0.298177 0.084961
1 0.152995 0.678711 0.295573 0.082031
1 0.734375 0.691895 0.247396 0.077148
1 0.900391 0.391602 0.199219 0.076172
1 0.048828 0.927734 0.097656 0.076172
1 0.435547 0.80127 0.290365 0.073242
1 0.565104 0.773438 0.195312 0.072266
1 0.044271 0.490723 0.088542 0.071289
1 0.853516 0.90918 0.292969 0.070312
1 0.780599 0.413086 0.079427 0.068359
1 0.039714 0.057129 0.079427 0.069336
1 0.558594 0.853027 0.276042 0.067383
1 0.44401 0.54541 0.135417 0.067383
1 0.233073 0.27002 0.195312 0.067383
1 0.079427 0.851074 0.158854 0.063477
1 0.388021 0.647461 0.223958 0.0625
1 0.704427 0.620117 0.132812 0.056641
1 0.435547 0.72168 0.27474 0.050781
1 0.90625 0.606934 0.184896 0.049805
1 0.336589 0.978027 0.269531 0.043945
1 0.689453 0.978027 0.266927 0.043945
1 0.013021 0.130371 0.026042 0.049805
