5 0.690104 0.588867 0.617188 0.46875
1 0.736328 0.327637 0.154948 0.092773
1 0.316406 0.871582 0.239583 0.075195
1 0.874349 0.913574 0.209635 0.067383
5 0.568359 0.661621 0.136719 0.061523
1 0.253255 0.468262 0.207031 0.05957
1 0.943359 0.378418 0.108073 0.057617
1 0.416667 0.579102 0.054688 0.042969
5 0.533854 0.729492 0.138021 0.042969
1 0.095703 0.686035 0.113281 0.038086
1 0.140625 0.498535 0.044271 0.03418
1 0.385417 0.568848 0.098958 0.03418
1 0.217448 0.587402 0.117188 0.032227
1 0.176432 0.562988 0.113281 0.032227
1 0.292969 0.536133 0.098958 0.03125
1 0.483073 0.5625 0.075521 0.029297
1 0.261068 0.534668 0.06901 0.02832
1 0.386719 0.521973 0.067708 0.02832
1 0.078776 0.546387 0.050781 0.026367
1 0.526042 0.543945 0.106771 0.025391
1 0.125 0.544434 0.057292 0.024414
1 0.251953 0.505859 0.042969 0.023438
1 0.411458 0.504883 0.059896 0.021484
