1 0.369792 0.591797 0.305556 0.148438
1 0.590278 0.555176 0.284722 0.137695
1 0.532118 0.330566 0.157986 0.129883
1 0.572917 0.428223 0.1875 0.125977
1 0.837674 0.619629 0.182292 0.118164
1 0.09375 0.513672 0.184028 0.115234
1 0.30816 0.464355 0.119792 0.110352
1 0.376736 0.39502 0.152778 0.102539
1 0.851562 0.369629 0.168403 0.102539
1 0.744792 0.349121 0.131944 0.100586
1 0.143229 0.431641 0.157986 0.099609
1 0.806424 0.465332 0.220486 0.094727
1 0.939236 0.355957 0.118056 0.09082
1 0.855035 0.527344 0.196181 0.087891
1 0.292535 0.306152 0.098958 0.086914
1 0.606771 0.308105 0.133681 0.086914
5 0.095486 0.149414 0.190972 0.072266
1 0.446181 0.098633 0.086806 0.039062
1 0.892361 0.067383 0.090278 0.033203
1 0.657986 0.089844 0.045139 0.023438
