7 0.384277 0.434245 0.055664 0.144531
5 0.371582 0.625 0.040039 0.130208
1 0.675293 0.79362 0.014648 0.102865
1 0.615234 0.863281 0.017578 0.101562
1 0.495117 0.684896 0.025391 0.091146
1 0.509277 0.436849 0.022461 0.063802
1 0.434082 0.701172 0.010742 0.042969
1 0.458984 0.602214 0.011719 0.03776
1 0.533203 0.768229 0.029297 0.028646
1 0.561035 0.748047 0.016602 0.02474
1 0.348633 0.865234 0.005859 0.022135
1 0.330078 0.890625 0.009766 0.020833
1 0.586914 0.945964 0.015625 0.019531
1 0.259766 0.739583 0.005859 0.018229
1 0.489258 0.58138 0.013672 0.016927
1 0.320801 0.863932 0.006836 0.016927
1 0.480957 0.428385 0.020508 0.015625
1 0.271484 0.701823 0.003906 0.013021
1 0.358398 0.822917 0.009766 0.010417
1 0.379395 0.850911 0.008789 0.009115
