1 0.529297 0.220052 0.083984 0.15625
1 0.586914 0.228516 0.066406 0.152344
1 0.685059 0.412109 0.09668 0.144531
1 0.48291 0.070964 0.094727 0.141927
1 0.026855 0.658854 0.040039 0.132812
1 0.591797 0.792969 0.105469 0.130208
1 0.53418 0.508464 0.083984 0.123698
1 0.814453 0.399089 0.056641 0.123698
1 0.574219 0.421875 0.070312 0.122396
1 0.358398 0.782552 0.042969 0.119792
1 0.473145 0.235677 0.057617 0.119792
1 0.654785 0.296875 0.069336 0.119792
1 0.619141 0.373698 0.089844 0.117188
1 0.279785 0.659505 0.038086 0.115885
1 0.48291 0.440755 0.075195 0.102865
1 0.26709 0.361328 0.038086 0.089844
1 0.228027 0.548828 0.030273 0.089844
1 0.319336 0.415365 0.027344 0.088542
1 0.330078 0.613281 0.029297 0.088542
1 0.14502 0.548828 0.026367 0.084635
1 0.580566 0.539062 0.073242 0.083333
1 0.603516 0.619792 0.050781 0.080729
1 0.322266 0.303385 0.035156 0.078125
1 0.340332 0.695964 0.02832 0.076823
1 0.165039 0.436849 0.029297 0.074219
1 0.221191 0.440755 0.026367 0.06901
1 0.447754 0.167969 0.041992 0.065104
1 0.354492 0.239583 0.023438 0.0625
1 0.053711 0.509115 0.021484 0.0625
1 0.303223 0.526693 0.024414 0.058594
1 0.332031 0.531901 0.033203 0.058594
1 0.391113 0.317057 0.043945 0.048177
1 0.46582 0.704427 0.019531 0.046875
1 0.48291 0.871745 0.020508 0.045573
1 0.416504 0.876302 0.02832 0.044271
1 0.407715 0.250651 0.032227 0.042969
1 0.20459 0.160807 0.018555 0.042969
1 0.508789 0.741536 0.017578 0.042969
1 0.196289 0.01888 0.023438 0.03776
1 0.812012 0.623047 0.051758 0.03776
1 0.447754 0.742188 0.008789 0.036458
1 0.422363 0.833333 0.016602 0.033854
1 0.461426 0.770182 0.012695 0.032552
1 0.269531 0.195964 0.013672 0.029948
1 0.228027 0.173177 0.026367 0.028646
1 0.210938 0.115885 0.027344 0.028646
1 0.219238 0.220703 0.010742 0.02474
1 0.436523 0.746745 0.011719 0.02474
1 0.179199 0.219401 0.020508 0.02474
1 0.26416 0.078125 0.016602 0.023438
1 0.295898 0.149089 0.019531 0.022135
1 0.313965 0.136719 0.012695 0.018229
1 0.942871 0.788411 0.000977 0.001302
7 0.354492 0.530599 0.066406 0.316406
