1 0.857422 0.114258 0.227865 0.226562
1 0.289062 0.076172 0.276042 0.152344
1 0.479818 0.063965 0.10026 0.12793
5 0.630859 0.525391 0.152344 0.115234
1 0.443359 0.278809 0.089844 0.100586
5 0.147135 0.525391 0.111979 0.083984
5 0.515625 0.656738 0.127604 0.083008
1 0.115234 0.458984 0.084635 0.076172
1 0.287109 0.391602 0.058594 0.074219
1 0.227865 0.443359 0.083333 0.066406
1 0.682292 0.365723 0.158854 0.06543
1 0.02474 0.581543 0.049479 0.06543
1 0.337891 0.320801 0.128906 0.06543
1 0.323568 0.449707 0.058594 0.06543
1 0.220703 0.384277 0.126302 0.051758
1 0.021484 0.619141 0.042969 0.050781
1 0.068359 0.416992 0.136719 0.050781
1 0.547526 0.27832 0.095052 0.048828
1 0.05599 0.453125 0.111979 0.048828
1 0.507161 0.312012 0.079427 0.047852
1 0.319661 0.384766 0.063802 0.042969
1 0.5625 0.370117 0.119792 0.078125
