1 0.248047 0.232422 0.03125 0.071615
1 0.218262 0.182943 0.024414 0.050781
1 0.608398 0.526042 0.023438 0.049479
1 0.781738 0.509766 0.038086 0.071615
1 0.823242 0.647786 0.033203 0.071615
1 0.890137 0.367188 0.02832 0.033854
1 0.984863 0.463542 0.02832 0.190104
1 0.265137 0.882812 0.041992 0.161458
1 0.20459 0.954427 0.02832 0.078125
1 0.312988 0.140625 0.020508 0.065104
1 0.348633 0.135417 0.019531 0.059896
1 0.519531 0.548177 0.025391 0.057292
1 0.299805 0.442057 0.021484 0.06901
1 0.304688 0.054036 0.023438 0.048177
1 0.210449 0.405599 0.018555 0.063802
1 0.211426 0.354818 0.030273 0.02474
1 0.23584 0.483724 0.016602 0.045573
1 0.272949 0.52474 0.020508 0.057292
1 0.19873 0.505859 0.022461 0.053385
