3 0.523438 0.535645 0.109375 0.09668
3 0.645833 0.458984 0.057292 0.078125
3 0.81901 0.460938 0.072917 0.072266
3 0.578776 0.462402 0.03776 0.067383
3 0.386068 0.430176 0.035156 0.055664
3 0.261719 0.437012 0.044271 0.051758
3 0.054688 0.435059 0.03125 0.051758
3 0.417969 0.428223 0.036458 0.043945
3 0.289062 0.402832 0.036458 0.043945
3 0.094401 0.425781 0.035156 0.042969
3 0.844401 0.431152 0.03776 0.041992
3 0.86849 0.438965 0.018229 0.038086
3 0.235026 0.42627 0.027344 0.036133
3 0.328125 0.428711 0.03125 0.033203
3 0.136068 0.425293 0.019531 0.032227
3 0.690104 0.428223 0.023438 0.026367
3 0.561849 0.422852 0.03776 0.037109
