1 0.847656 0.092285 0.302083 0.174805
1 0.751953 0.215332 0.188802 0.12793
5 0.658854 0.456543 0.346354 0.106445
1 0.610677 0.212891 0.127604 0.099609
1 0.656901 0.858398 0.30599 0.099609
1 0.538411 0.30957 0.048177 0.095703
1 0.645182 0.299805 0.03776 0.087891
5 0.320964 0.756348 0.144531 0.083008
5 0.373047 0.616699 0.24349 0.081055
5 0.472656 0.522461 0.242188 0.080078
1 0.972656 0.273926 0.052083 0.075195
1 0.527995 0.819824 0.214844 0.075195
1 0.542318 0.407715 0.095052 0.06543
1 0.604167 0.382324 0.067708 0.05957
1 0.817708 0.460449 0.09375 0.057617
1 0.432292 0.381348 0.09375 0.049805
1 0.69401 0.380371 0.174479 0.049805
1 0.553385 0.377441 0.049479 0.047852
1 0.947266 0.47168 0.102865 0.037109
1 0.669922 0.427246 0.061198 0.030273
1 0.714193 0.414062 0.06901 0.029297
1 0.716146 0.44043 0.065104 0.027344
1 0.75 0.460449 0.059896 0.026367
1 0.779948 0.483887 0.052083 0.026367
1 0.857422 0.45752 0.079427 0.038086
