5 0.310547 0.463867 0.410156 0.158203
1 0.611979 0.735352 0.447917 0.134766
1 0.915365 0.439941 0.166667 0.077148
5 0.934896 0.807129 0.127604 0.071289
1 0.645833 0.574219 0.221354 0.070312
1 0.795573 0.799805 0.15625 0.070312
1 0.847656 0.597168 0.135417 0.06543
1 0.84375 0.524414 0.111979 0.064453
1 0.697266 0.600586 0.178385 0.0625
1 0.21875 0.973145 0.247396 0.053711
1 0.472656 0.619629 0.072917 0.045898
1 0.25651 0.566406 0.148438 0.044922
1 0.065104 0.878418 0.125 0.041992
1 0.55599 0.646973 0.046875 0.040039
1 0.041667 0.644043 0.083333 0.03418
1 0.330078 0.59668 0.089844 0.033203
1 0.092448 0.661133 0.098958 0.033203
7 0.051432 0.978027 0.102865 0.043945
