1 0.677734 0.102051 0.324219 0.125977
5 0.563802 0.42334 0.385417 0.110352
1 0.086589 0.186035 0.173177 0.081055
1 0.102214 0.26709 0.204427 0.079102
5 0.281901 0.592285 0.178385 0.06543
1 0.939453 0.211914 0.121094 0.058594
1 0.255859 0.676758 0.10026 0.054688
5 0.51237 0.686523 0.058594 0.035156
1 0.702474 0.460938 0.048177 0.03125
1 0.518229 0.337402 0.067708 0.02832
7 0.054688 0.768555 0.104167 0.027344
1 0.275391 0.50293 0.095052 0.025391
1 0.642578 0.525879 0.03776 0.024414
1 0.369141 0.44873 0.06901 0.024414
1 0.589193 0.441406 0.082031 0.023438
1 0.739583 0.564453 0.03125 0.019531
1 0.663411 0.54248 0.03776 0.018555
1 0.702474 0.567383 0.029948 0.017578
1 0.617839 0.522461 0.00651 0.017578
1 0.628906 0.568359 0.023438 0.011719
1 0.636719 0.54834 0.020833 0.010742
1 0.690104 0.559082 0.026042 0.008789
1 0.588542 0.568848 0.020833 0.008789
