2 0.310764 0.283203 0.097222 0.064453
2 0.397569 0.342773 0.100694 0.054688
2 0.71441 0.303711 0.112847 0.048828
2 0.692708 0.684082 0.083333 0.045898
2 0.651042 0.365234 0.121528 0.044922
2 0.161458 0.459961 0.079861 0.044922
2 0.524306 0.096191 0.104167 0.043945
2 0.935764 0.180664 0.118056 0.042969
2 0.119792 0.319336 0.086806 0.042969
2 0.616319 0.29834 0.065972 0.041992
2 0.844618 0.656738 0.067708 0.041992
2 0.807292 0.803711 0.090278 0.041016
2 0.111979 0.603516 0.095486 0.039062
2 0.111979 0.553711 0.092014 0.037109
2 0.277778 0.95752 0.055556 0.036133
2 0.460069 0.868164 0.0625 0.035156
2 0.371528 0.221191 0.079861 0.03418
2 0.945312 0.721191 0.036458 0.03418
2 0.900174 0.76123 0.043403 0.03418
2 0.986979 0.215332 0.022569 0.03418
2 0.930556 0.30957 0.069444 0.033203
2 0.395833 0.510742 0.072917 0.029297
2 0.570312 0.428711 0.078125 0.029297
2 0.564236 0.985352 0.086806 0.027344
2 0.069444 0.406738 0.104167 0.024414
2 0.451389 0.006836 0.079861 0.013672
