1 0.282552 0.103027 0.09375 0.200195
5 0.644531 0.524902 0.244792 0.135742
1 0.446615 0.206055 0.158854 0.134766
1 0.155599 0.296875 0.074219 0.074219
5 0.279948 0.603516 0.117188 0.070312
1 0.23763 0.391113 0.134115 0.06543
5 0.068359 0.6875 0.121094 0.064453
1 0.039714 0.393555 0.05599 0.064453
1 0.323568 0.354492 0.160156 0.054688
1 0.046875 0.324219 0.09375 0.052734
1 0.08724 0.435547 0.054688 0.048828
1 0.091146 0.367188 0.075521 0.041016
1 0.22526 0.279297 0.065104 0.033203
1 0.194661 0.308105 0.06901 0.032227
1 0.147786 0.080566 0.11849 0.161133
