1 0.436523 0.408854 0.082031 0.049479
1 0.418945 0.534505 0.068359 0.053385
1 0.466309 0.604167 0.086914 0.059896
1 0.759277 0.664714 0.129883 0.066406
1 0.744141 0.5625 0.109375 0.075521
1 0.725586 0.582682 0.101562 0.076823
1 0.508789 0.727214 0.085938 0.042969
1 0.727539 0.902995 0.126953 0.102865
1 0.115723 0.448568 0.22168 0.165365
1 0.153809 0.347005 0.200195 0.11849
1 0.338867 0.515625 0.058594 0.054688
1 0.359863 0.621094 0.088867 0.057292
1 0.567383 0.507161 0.089844 0.05599
1 0.592773 0.443359 0.074219 0.063802
1 0.952148 0.636068 0.09375 0.071615
1 0.589355 0.600911 0.061523 0.035156
1 0.457031 0.470703 0.074219 0.058594
1 0.687988 0.52474 0.083008 0.041667
1 0.328125 0.600911 0.054688 0.042969
1 0.237305 0.570964 0.101562 0.050781
1 0.321289 0.533203 0.066406 0.048177
1 0.383301 0.413411 0.05957 0.042969
1 0.134766 0.260417 0.041016 0.072917
1 0.353027 0.317057 0.176758 0.08724
1 0.68457 0.352865 0.03125 0.036458
1 0.241211 0.46875 0.074219 0.03125
1 0.866699 0.8125 0.03418 0.083333
1 0.827637 0.833984 0.03418 0.076823
1 0.783203 0.942708 0.082031 0.054688
1 0.263184 0.369792 0.051758 0.049479
1 0.222656 0.385417 0.066406 0.036458
1 0.929199 0.659505 0.045898 0.050781
1 0.964844 0.750651 0.039062 0.05599
1 0.53125 0.46224 0.025391 0.026042
1 0.569824 0.494141 0.049805 0.035156
1 0.68457 0.50651 0.085938 0.101562
1 0.273926 0.638021 0.05957 0.044271
1 0.484863 0.261719 0.032227 0.036458
1 0.45752 0.266276 0.030273 0.022135
1 0.450684 0.295573 0.036133 0.036458
