3 0.542318 0.497559 0.21224 0.112305
3 0.059245 0.308105 0.11849 0.112305
3 0.856771 0.263184 0.101562 0.086914
3 0.226562 0.228516 0.075521 0.058594
3 0.615885 0.203613 0.033854 0.051758
3 0.388672 0.22998 0.05599 0.049805
3 0.598307 0.21582 0.042969 0.044922
3 0.554036 0.226562 0.042969 0.041016
3 0.469401 0.230469 0.066406 0.041016
3 0.692057 0.222168 0.019531 0.036133
3 0.321615 0.232422 0.054688 0.035156
3 0.751953 0.213379 0.02474 0.030273
3 0.720052 0.211914 0.028646 0.029297
3 0.922526 0.213379 0.022135 0.026367
3 0.786458 0.224609 0.033854 0.025391
3 0.986328 0.229004 0.02474 0.020508
