1 0.435547 0.092773 0.217448 0.185547
1 0.047526 0.07666 0.095052 0.15332
1 0.470703 0.246094 0.089844 0.111328
1 0.301432 0.257324 0.115885 0.110352
1 0.504557 0.282715 0.058594 0.104492
1 0.719401 0.310547 0.105469 0.087891
1 0.366536 0.515137 0.115885 0.079102
1 0.272135 0.331055 0.085938 0.074219
1 0.911458 0.037109 0.122396 0.074219
5 0.352865 0.601074 0.127604 0.073242
5 0.852214 0.666016 0.173177 0.068359
1 0.326823 0.360352 0.083333 0.058594
5 0.919922 0.492676 0.105469 0.036133
7 0.908203 0.834473 0.10026 0.030273
1 0.839193 0.561035 0.108073 0.02832
1 0.977865 0.793945 0.041667 0.041016
