1 0.722005 0.151367 0.160156 0.210938
1 0.772135 0.301758 0.161458 0.125
1 0.83724 0.199219 0.182292 0.125
1 0.888672 0.099609 0.222656 0.113281
5 0.897135 0.438965 0.203125 0.108398
5 0.507812 0.636719 0.255208 0.099609
1 0.817057 0.860352 0.217448 0.097656
1 0.561849 0.3125 0.058594 0.087891
1 0.960286 0.175781 0.079427 0.085938
5 0.587891 0.536621 0.178385 0.083008
1 0.526693 0.351074 0.079427 0.081055
1 0.708984 0.319824 0.173177 0.081055
5 0.40625 0.703613 0.125 0.075195
1 0.405599 0.766113 0.06901 0.075195
5 0.440104 0.495605 0.161458 0.063477
1 0.735026 0.427734 0.063802 0.058594
1 0.796224 0.412109 0.095052 0.052734
1 0.785807 0.427246 0.079427 0.043945
1 0.630859 0.376953 0.066406 0.042969
1 0.563802 0.402832 0.096354 0.041992
1 0.670573 0.420898 0.091146 0.041016
1 0.698568 0.398438 0.050781 0.03125
