1 0.548611 0.504395 0.135417 0.055664
1 0.949653 0.541992 0.097222 0.066406
1 0.387153 0.329102 0.131944 0.058594
1 0.733507 0.253906 0.151042 0.066406
1 0.46875 0.21582 0.118056 0.056641
1 0.27691 0.225098 0.095486 0.045898
1 0.332465 0.238281 0.064236 0.052734
1 0.239583 0.246582 0.065972 0.045898
1 0.775174 0.121582 0.092014 0.032227
1 0.243924 0.141602 0.057292 0.039062
1 0.766493 0.07373 0.088542 0.032227
1 0.697917 0.043457 0.065972 0.041992
1 0.348958 0.41748 0.072917 0.071289
1 0.385417 0.200684 0.065972 0.043945
1 0.513021 0.126953 0.053819 0.044922
1 0.966146 0.135742 0.064236 0.097656
