3 0.50651 0.73877 0.096354 0.086914
3 0.660156 0.494629 0.067708 0.084961
3 0.71224 0.493652 0.072917 0.083008
3 0.338542 0.468262 0.054688 0.06543
3 0.851562 0.503418 0.054688 0.063477
3 0.040365 0.474609 0.0625 0.058594
3 0.419271 0.467773 0.039062 0.044922
3 0.151693 0.465332 0.040365 0.043945
3 0.361328 0.461914 0.019531 0.042969
3 0.925781 0.471191 0.039062 0.041992
3 0.392578 0.464355 0.022135 0.040039
3 0.198568 0.473633 0.040365 0.035156
3 0.369141 0.408691 0.02474 0.032227
3 0.248698 0.445312 0.057292 0.021484
3 0.160807 0.763672 0.321615 0.097656
