7 0.325195 0.617839 0.279297 0.292969
1 0.927734 0.084635 0.041016 0.085938
1 0.725586 0.833333 0.029297 0.0625
1 0.206055 0.072266 0.029297 0.053385
1 0.249023 0.096354 0.027344 0.052083
1 0.978027 0.410807 0.010742 0.042969
1 0.359375 0.033854 0.068359 0.041667
1 0.327148 0.365885 0.019531 0.039062
1 0.991699 0.085286 0.014648 0.03776
1 0.152344 0.085286 0.035156 0.032552
1 0.342285 0.015625 0.057617 0.03125
1 0.210449 0.130208 0.016602 0.03125
1 0.974609 0.530599 0.042969 0.02474
1 0.424316 0.210286 0.057617 0.02474
1 0.849121 0.276693 0.055664 0.022135
1 0.376953 0.179688 0.025391 0.020833
1 0.364258 0.141927 0.023438 0.020833
1 0.406738 0.117188 0.055664 0.018229
1 0.553223 0.427734 0.036133 0.016927
1 0.123535 0.169922 0.032227 0.014323
1 0.524414 0.279297 0.015625 0.014323
