7 0.046224 0.802246 0.092448 0.104492
7 0.634115 0.520508 0.236979 0.099609
7 0.412109 0.513672 0.196615 0.091797
5 0.507161 0.149414 0.214844 0.060547
7 0.670573 0.430664 0.140625 0.056641
5 0.320312 0.236816 0.158854 0.049805
5 0.898438 0.27832 0.083333 0.048828
1 0.623047 0.04541 0.110677 0.043945
1 0.64974 0.029297 0.104167 0.041016
1 0.716797 0.028809 0.110677 0.038086
1 0.825521 0.046387 0.085938 0.038086
1 0.385417 0.027344 0.049479 0.037109
1 0.736328 0.078613 0.066406 0.030273
1 0.783854 0.012695 0.075521 0.025391
5 0.691406 0.203125 0.098958 0.042969
