1 0.477865 0.302246 0.552083 0.391602
1 0.561198 0.134277 0.398438 0.256836
5 0.401042 0.599609 0.348958 0.183594
5 0.791016 0.910156 0.417969 0.177734
1 0.775391 0.494141 0.27474 0.160156
1 0.088542 0.35498 0.177083 0.12793
1 0.933594 0.367676 0.130208 0.124023
1 0.806641 0.405273 0.10026 0.111328
1 0.917318 0.433105 0.165365 0.100586
1 0.576823 0.423828 0.223958 0.087891
1 0.924479 0.527832 0.148438 0.084961
1 0.585286 0.474121 0.121094 0.063477
1 0.503906 0.746582 0.171875 0.061523
5 0.343099 0.728027 0.082031 0.055664
1 0.679688 0.599121 0.164062 0.051758
1 0.133464 0.580078 0.121094 0.046875
1 0.348307 0.563965 0.079427 0.038086
1 0.038411 0.565918 0.076823 0.040039
1 0.290365 0.572266 0.065104 0.03125
1 0.22526 0.572754 0.059896 0.02832
5 0.859375 0.154785 0.278646 0.30957
