1 0.5625 0.160156 0.101562 0.195312
1 0.161133 0.171875 0.033203 0.091146
1 0.305176 0.054036 0.036133 0.082031
1 0.369629 0.234375 0.055664 0.072917
1 0.53418 0.634766 0.044922 0.063802
1 0.547852 0.035156 0.068359 0.0625
1 0.324219 0.598958 0.058594 0.059896
1 0.426758 0.277344 0.025391 0.054688
1 0.273438 0.054688 0.027344 0.052083
1 0.244629 0.277995 0.022461 0.045573
1 0.240723 0.052083 0.026367 0.044271
1 0.214844 0.020833 0.035156 0.041667
1 0.476074 0.307292 0.024414 0.041667
1 0.429199 0.407552 0.055664 0.041667
1 0.290527 0.238932 0.026367 0.040365
1 0.177246 0.276693 0.024414 0.03776
1 0.34082 0.537109 0.03125 0.035156
1 0.301758 0.6875 0.041016 0.039062
