5 0.599609 0.639648 0.376302 0.208984
5 0.599609 0.393066 0.563802 0.194336
5 0.121094 0.893066 0.242188 0.137695
1 0.115234 0.583008 0.121094 0.070312
1 0.809896 0.15625 0.171875 0.0625
1 0.582682 0.229004 0.157552 0.055664
1 0.059245 0.217285 0.11849 0.055664
1 0.177083 0.282715 0.166667 0.051758
1 0.466146 0.179688 0.132812 0.048828
1 0.815104 0.213379 0.164062 0.047852
1 0.575521 0.102051 0.122396 0.045898
7 0.248698 0.693359 0.119792 0.044922
1 0.650391 0.162109 0.13151 0.042969
1 0.571615 0.02002 0.119792 0.040039
1 0.604818 0.148926 0.097656 0.038086
5 0.91862 0.704102 0.16276 0.087891
