5 0.146973 0.753255 0.038086 0.222656
1 0.541016 0.600911 0.089844 0.154948
1 0.711426 0.63151 0.049805 0.091146
1 0.240723 0.093099 0.024414 0.084635
1 0.217773 0.108073 0.023438 0.083333
1 0.397461 0.109375 0.027344 0.078125
1 0.198242 0.056641 0.027344 0.074219
1 0.441406 0.082682 0.015625 0.066406
1 0.388184 0.972005 0.020508 0.05599
1 0.875977 0.460938 0.033203 0.049479
1 0.818848 0.658854 0.020508 0.049479
1 0.709961 0.719401 0.029297 0.03776
1 0.058105 0.230469 0.012695 0.036458
1 0.619629 0.76237 0.047852 0.032552
1 0.520996 0.255859 0.012695 0.027344
1 0.3125 0.736979 0.027344 0.026042
1 0.033691 0.23112 0.010742 0.02474
1 0.152832 0.283854 0.016602 0.018229
1 0.367188 0.477865 0.027344 0.018229
1 0.098145 0.266927 0.018555 0.018229
1 0.706055 0.755859 0.041016 0.014323
1 0.645508 0.432292 0.029297 0.036458
