5 0.712402 0.695312 0.206055 0.205729
5 0.425781 0.3125 0.076172 0.117188
1 0.522461 0.397786 0.023438 0.066406
1 0.540527 0.419922 0.024414 0.058594
1 0.558105 0.372396 0.03418 0.054688
1 0.579102 0.442708 0.042969 0.052083
1 0.280273 0.186849 0.023438 0.048177
1 0.580078 0.490885 0.066406 0.046875
1 0.574219 0.339844 0.044922 0.044271
1 0.51123 0.284505 0.022461 0.042969
1 0.644043 0.417318 0.024414 0.040365
1 0.793945 0.379557 0.039062 0.03776
1 0.564453 0.240234 0.013672 0.02474
1 0.649414 0.486979 0.013672 0.020833
1 0.719727 0.42513 0.009766 0.019531
1 0.700684 0.431641 0.022461 0.011719
1 0.419434 0.477214 0.075195 0.042969
