5 0.227051 0.289714 0.071289 0.14974
5 0.504395 0.124349 0.108398 0.089844
5 0.334961 0.563151 0.087891 0.079427
1 0.448242 0.787109 0.029297 0.05599
1 0.265625 0.897135 0.025391 0.052083
1 0.470703 0.488281 0.019531 0.046875
1 0.676758 0.674479 0.013672 0.041667
1 0.28418 0.647786 0.019531 0.035156
1 0.253906 0.615885 0.017578 0.028646
1 0.697266 0.759115 0.013672 0.026042
1 0.613281 0.690755 0.023438 0.02474
1 0.391602 0.823568 0.03125 0.02474
1 0.373535 0.340495 0.008789 0.02474
1 0.369629 0.427734 0.008789 0.02474
1 0.310547 0.638021 0.013672 0.023438
1 0.348145 0.363932 0.010742 0.016927
1 0.372559 0.263021 0.010742 0.015625
1 0.307617 0.870443 0.027344 0.014323
1 0.197266 0.199219 0.005859 0.010417
1 0.632324 0.676432 0.018555 0.009115
5 0.57373 0.645833 0.05957 0.171875
