1 0.842448 0.108887 0.260417 0.143555
7 0.733073 0.674805 0.226562 0.111328
5 0.705078 0.495605 0.303385 0.106445
5 0.455729 0.548828 0.080729 0.089844
1 0.920573 0.235352 0.15625 0.082031
5 0.091146 0.470215 0.182292 0.073242
1 0.36849 0.764648 0.125 0.070312
1 0.371094 0.704102 0.111979 0.0625
5 0.60612 0.472656 0.18099 0.054688
1 0.492839 0.3125 0.121094 0.046875
1 0.660807 0.331543 0.136719 0.045898
1 0.847656 0.354492 0.130208 0.044922
1 0.751302 0.342285 0.145833 0.041992
1 0.548177 0.378906 0.104167 0.041016
1 0.726562 0.069824 0.140625 0.040039
1 0.784505 0.378906 0.11849 0.03125
1 0.676432 0.37793 0.123698 0.042969
