1 0.323568 0.088867 0.139323 0.177734
1 0.199219 0.080566 0.091146 0.161133
1 0.542969 0.183594 0.164062 0.152344
5 0.595703 0.533691 0.147135 0.147461
1 0.212891 0.293457 0.06901 0.081055
5 0.330729 0.618652 0.111979 0.075195
1 0.317057 0.38916 0.105469 0.069336
1 0.078776 0.39502 0.074219 0.067383
1 0.029297 0.453125 0.058594 0.058594
1 0.100911 0.322754 0.113281 0.055664
1 0.398438 0.358887 0.169271 0.053711
1 0.122396 0.443848 0.072917 0.053711
1 0.039714 0.387207 0.076823 0.047852
1 0.158203 0.368652 0.089844 0.040039
1 0.257161 0.30957 0.097656 0.035156
1 0.290365 0.278809 0.080729 0.03418
