5 0.550293 0.467448 0.045898 0.210938
5 0.286133 0.216797 0.070312 0.126302
5 0.611816 0.10612 0.116211 0.089844
5 0.396973 0.480469 0.081055 0.083333
5 0.286133 0.533854 0.0625 0.067708
1 0.39502 0.920573 0.016602 0.0625
1 0.458984 0.873698 0.025391 0.057292
1 0.356934 0.873698 0.024414 0.054688
1 0.328125 0.710286 0.011719 0.053385
1 0.48291 0.563802 0.016602 0.052083
1 0.276855 0.767578 0.018555 0.050781
1 0.635254 0.860026 0.022461 0.042969
1 0.358398 0.961589 0.015625 0.027344
1 0.571777 0.628255 0.010742 0.027344
1 0.59082 0.63151 0.013672 0.023438
1 0.585449 0.589844 0.012695 0.023438
1 0.31543 0.740885 0.009766 0.020833
1 0.376953 0.278646 0.007812 0.020833
1 0.347656 0.376953 0.011719 0.019531
1 0.361816 0.434896 0.008789 0.013021
1 0.373047 0.445964 0.009766 0.011719
1 0.294434 0.365885 0.010742 0.010417
1 0.353516 0.763672 0.019531 0.05599
