5 0.5 0.467773 0.151042 0.148438
1 0.277995 0.061035 0.425781 0.12207
1 0.10026 0.205566 0.114583 0.084961
5 0.182943 0.474609 0.092448 0.052734
1 0.298828 0.708008 0.082031 0.050781
1 0.127604 0.414551 0.026042 0.041992
1 0.068359 0.541504 0.045573 0.040039
5 0.369792 0.602051 0.085938 0.040039
1 0.561198 0.269531 0.049479 0.037109
5 0.516276 0.683105 0.053385 0.036133
1 0.063802 0.444824 0.075521 0.03418
7 0.065755 0.772949 0.113281 0.03418
1 0.598958 0.575684 0.085938 0.030273
1 0.23112 0.427734 0.089844 0.029297
1 0.34375 0.412109 0.088542 0.029297
1 0.61849 0.436523 0.085938 0.029297
1 0.529948 0.524902 0.0625 0.02832
1 0.667318 0.466797 0.08724 0.027344
1 0.406901 0.446777 0.08724 0.026367
1 0.288411 0.475586 0.084635 0.025391
1 0.197266 0.416016 0.084635 0.025391
1 0.285156 0.458984 0.046875 0.025391
1 0.673177 0.436035 0.080729 0.024414
1 0.464844 0.430176 0.067708 0.024414
1 0.69987 0.535156 0.029948 0.023438
1 0.69987 0.550781 0.014323 0.013672
1 0.659505 0.556152 0.027344 0.010742
1 0.678385 0.578125 0.013021 0.009766
1 0.746745 0.558105 0.022135 0.008789
1 0.669922 0.565918 0.014323 0.008789
