1 0.344727 0.151042 0.048828 0.151042
1 0.317871 0.667969 0.040039 0.125
1 0.308594 0.181641 0.058594 0.123698
1 0.217773 0.558594 0.033203 0.122396
1 0.21582 0.64388 0.074219 0.113281
1 0.187012 0.580729 0.038086 0.101562
1 0.248047 0.527995 0.046875 0.10026
1 0.055176 0.63151 0.032227 0.098958
1 0.532227 0.432943 0.035156 0.095052
1 0.134277 0.638021 0.036133 0.09375
1 0.334961 0.48763 0.076172 0.089844
1 0.32373 0.348307 0.043945 0.08724
1 0.155273 0.746094 0.042969 0.085938
1 0.116699 0.861979 0.040039 0.085938
1 0.366699 0.395833 0.038086 0.085938
1 0.285156 0.901042 0.035156 0.083333
1 0.105469 0.757812 0.027344 0.083333
1 0.133789 0.691406 0.033203 0.083333
1 0.29834 0.602214 0.026367 0.082031
1 0.157227 0.684896 0.025391 0.075521
1 0.265137 0.370443 0.06543 0.063802
1 0.369629 0.289714 0.047852 0.061198
1 0.183105 0.947917 0.030273 0.059896
1 0.252441 0.21224 0.022461 0.057292
1 0.208984 0.904297 0.041016 0.053385
1 0.400391 0.128255 0.03125 0.053385
1 0.07373 0.973958 0.022461 0.049479
1 0.086914 0.090495 0.021484 0.042969
