2 0.111979 0.159668 0.15625 0.12207
2 0.140625 0.705566 0.140625 0.116211
2 0.804036 0.479004 0.139323 0.102539
2 0.079427 0.419922 0.143229 0.091797
2 0.427734 0.702637 0.16276 0.086914
2 0.267578 0.858887 0.08724 0.086914
2 0.117188 0.494629 0.138021 0.081055
2 0.41862 0.53125 0.11849 0.080078
2 0.920573 0.284668 0.148438 0.079102
2 0.461589 0.866699 0.134115 0.071289
2 0.600911 0.929199 0.108073 0.067383
2 0.145182 0.916016 0.144531 0.066406
2 0.51888 0.529785 0.139323 0.061523
2 0.317057 0.554688 0.13151 0.050781
2 0.628255 0.540039 0.115885 0.044922
