3 0.623047 0.455078 0.33724 0.134766
3 0.034505 0.235352 0.06901 0.126953
3 0.117839 0.132812 0.097656 0.091797
3 0.820964 0.170898 0.074219 0.085938
3 0.51237 0.133301 0.053385 0.069336
3 0.026693 0.136719 0.048177 0.068359
3 0.21224 0.135742 0.049479 0.056641
3 0.454427 0.142578 0.044271 0.056641
3 0.871094 0.154785 0.059896 0.055664
3 0.341797 0.098145 0.02474 0.045898
3 0.369792 0.109863 0.033854 0.043945
3 0.464844 0.070312 0.039062 0.039062
3 0.303385 0.149902 0.065104 0.03418
3 0.632161 0.140625 0.029948 0.021484
