2 0.697917 0.231934 0.117188 0.102539
2 0.595703 0.737793 0.079427 0.098633
2 0.757161 0.708984 0.136719 0.097656
2 0.486328 0.848145 0.136719 0.09082
2 0.300781 0.628418 0.127604 0.067383
2 0.757812 0.534668 0.111979 0.067383
2 0.358073 0.822266 0.111979 0.064453
2 0.580729 0.487793 0.127604 0.063477
2 0.623698 0.455566 0.130208 0.063477
2 0.664714 0.533203 0.108073 0.0625
2 0.835938 0.51123 0.114583 0.061523
2 0.740885 0.836914 0.125 0.060547
2 0.947917 0.866699 0.101562 0.057617
2 0.43099 0.442383 0.148438 0.056641
2 0.957682 0.539551 0.084635 0.053711
