1 0.478516 0.517578 0.483073 0.330078
1 0.394531 0.104492 0.208333 0.208984
1 0.871745 0.716797 0.167969 0.185547
1 0.822266 0.565918 0.134115 0.143555
1 0.92513 0.541504 0.092448 0.124023
1 0.921224 0.437012 0.157552 0.112305
1 0.94987 0.79541 0.10026 0.077148
1 0.78776 0.916504 0.070312 0.063477
1 0.875651 0.871582 0.097656 0.061523
1 0.284505 0.848145 0.076823 0.051758
1 0.744141 0.786621 0.074219 0.051758
1 0.678385 0.77832 0.049479 0.050781
1 0.483724 0.915527 0.144531 0.049805
1 0.401693 0.844727 0.092448 0.044922
1 0.638021 0.86084 0.078125 0.043945
1 0.157552 0.905273 0.114583 0.042969
1 0.035807 0.924805 0.071615 0.042969
1 0.551432 0.818848 0.095052 0.041992
1 0.768229 0.743652 0.049479 0.040039
1 0.513672 0.868164 0.071615 0.039062
1 0.205078 0.863281 0.084635 0.037109
1 0.602865 0.80127 0.075521 0.030273
1 0.697266 0.851074 0.045573 0.084961
