5 0.568359 0.627441 0.652344 0.235352
5 0.591146 0.369141 0.674479 0.203125
1 0.738932 0.840332 0.199219 0.098633
1 0.710938 0.60791 0.104167 0.069336
1 0.191406 0.209473 0.190104 0.061523
5 0.416667 0.479004 0.111979 0.05957
1 0.049479 0.223145 0.098958 0.055664
1 0.550781 0.275879 0.171875 0.055664
1 0.291016 0.215332 0.102865 0.051758
1 0.950521 0.291992 0.096354 0.050781
1 0.48112 0.219727 0.157552 0.050781
1 0.598307 0.219238 0.110677 0.047852
1 0.375651 0.256348 0.183594 0.047852
1 0.638021 0.263184 0.117188 0.041992
1 0.040365 0.24707 0.080729 0.041016
1 0.442057 0.188965 0.147135 0.040039
1 0.128255 0.119141 0.128906 0.039062
1 0.669922 0.350098 0.152344 0.038086
