1 0.034668 0.221354 0.022461 0.023438
1 0.094727 0.233073 0.021484 0.023438
1 0.207031 0.319661 0.042969 0.095052
1 0.254883 0.433594 0.0625 0.078125
1 0.270508 0.42513 0.044922 0.089844
1 0.333008 0.412109 0.041016 0.076823
1 0.301758 0.546875 0.058594 0.078125
1 0.418945 0.498047 0.066406 0.097656
1 0.399902 0.51888 0.061523 0.074219
1 0.470703 0.550781 0.078125 0.091146
1 0.482422 0.46224 0.054688 0.03125
1 0.557129 0.522135 0.03418 0.075521
1 0.659668 0.523438 0.116211 0.075521
1 0.726074 0.6875 0.073242 0.104167
1 0.912598 0.759766 0.057617 0.053385
1 0.981445 0.660807 0.035156 0.074219
1 0.752441 0.395182 0.041992 0.097656
1 0.82959 0.466146 0.057617 0.096354
1 0.457031 0.582682 0.052734 0.066406
