5 0.594238 0.611328 0.110352 0.386719
1 0.645996 0.654297 0.036133 0.05599
1 0.722656 0.697917 0.105469 0.059896
1 0.337891 0.513672 0.03125 0.022135
1 0.348145 0.327474 0.02832 0.019531
1 0.116211 0.427734 0.039062 0.019531
1 0.128906 0.732422 0.021484 0.063802
1 0.101074 0.830078 0.020508 0.032552
1 0.237793 0.747396 0.018555 0.015625
1 0.291016 0.655599 0.005859 0.022135
1 0.136719 0.651693 0.03125 0.035156
1 0.111328 0.680339 0.033203 0.050781
1 0.74707 0.555339 0.029297 0.02474
1 0.27002 0.35612 0.016602 0.011719
