3 0.716146 0.617676 0.075521 0.081055
3 0.291016 0.556152 0.042969 0.055664
3 0.147135 0.560059 0.044271 0.053711
3 0.188151 0.561035 0.029948 0.047852
3 0.067057 0.563965 0.076823 0.047852
3 0.222005 0.560547 0.02474 0.046875
3 0.399089 0.523438 0.058594 0.044922
3 0.614583 0.482422 0.041667 0.042969
3 0.092448 0.547363 0.049479 0.040039
3 0.337891 0.526367 0.029948 0.037109
3 0.048828 0.530762 0.03776 0.036133
3 0.728516 0.47998 0.040365 0.030273
3 0.247396 0.569824 0.049479 0.02832
3 0.527344 0.547363 0.039062 0.024414
3 0.013021 0.553223 0.026042 0.018555
3 0.787109 0.745117 0.279948 0.074219
